model_ex:
  accuracy_score: 0.8079
  precision_score: 0.8182100041339396
  recall_score: 0.7917
  f1_score: 0.804736735108762